139
25613
14605
15937
11892
12418
14071
5299
10873
7425
7633
7125
3450
3461
2797
7642
6480
6425
3835
5288
4925
5196
4354
5596
3786
5517
4679
5791
4200
3388
2121
1523
5618
3510
3159
2988
3790
2991
4741
4984
3282
3431
3508
1439
2014
2602
2360
2456
1493
1473
1510
1293
1405
1438
1585
1692
2475
1991
1913
1519
936
749
780
1066
1170
1067
1316
1258
1107
947
947
1089
840
1015
664
1065
815
766
762
538
425
326
740
436
459
249
293
378
573
335
249
312
164
102
156
281
112
394
156
164
158
122
70
133
96
73
112
42
95
79
81
47
71
80